0.659
4,0,2243873058
4,0,1795044265
4,0,2215368701
0,4,1962781621
0,4,1469174690
0,4,2000722236
4,0,1983024589
4,0,1553458859
4,0,1975100971
4,0,2182826665
0,4,1832636113
0,4,1880486592
0,4,1999082500
4,0,1969594766
4,0,2067445015
0,4,1979154668
0,4,2191433897
0,4,1795959733
4,0,2327045034
4,0,1977641795
4,0,2298766834
4,0,1977165281
0,4,1964588954
0,4,2179106755
0,4,1836206648
4,0,1752124791
4,0,2263902252
4,0,1573392336
4,0,2299163652
0,4,1675792127
4,0,2012557382
4,0,2188627507
0,4,2012276128
4,0,2065108634
4,0,1792538135
4,0,2204867919
0,4,1678492947
4,0,2066281566
4,0,1977347679
4,0,2257124058
0,4,1793986860
4,0,2176477147
4,0,2261700276
0,4,1979683045
0,4,1880267634
4,0,2300885132
4,0,2205820368
4,0,2054590838
4,0,1969494477
4,0,2266129775
4,0,1969718774
0,4,2006532087
4,0,2261286948
0,4,2002833024
4,0,2174728297
4,0,2050673355
4,0,2325376673
4,0,2190875744
4,0,2175494955
4,0,1825874213
4,0,1883104826
0,4,2000400499
4,0,2218841792
4,0,1966550460
0,4,2063495580
4,0,1985820444
4,0,2254819574
4,0,1677593646
4,0,1557562479
4,0,2202109156
4,0,1969662086
0,4,1558792776
0,4,2062721770
4,0,2200292084
4,0,2239703480
0,4,1965620313
4,0,2002545320
4,0,2055322852
4,0,2213807569
4,0,2060672420
0,4,2057958274
0,4,1992892848
0,4,1548700297
4,0,1550838931
0,4,2070703175
0,4,1880710857
0,4,1834364862
4,0,2053543748
0,4,1827648079
0,4,2000671213
0,4,1994316027
4,0,1558972513
0,4,2002443505
4,0,2006624731
0,4,1792073269
0,4,2001076939
0,4,2054921288
4,0,2243881261
4,0,2070183042
0,4,2057819813
0,4,2062399417
0,4,2189605228
4,0,2258524563
4,0,2227267564
4,0,2326818280
4,0,2207357811
0,4,1981029899
4,0,2299389736
0,4,1974741993
4,0,1957497862
4,0,2061803402
0,4,1988770562
4,0,2064589976
4,0,1981343052
4,0,1983127514
4,0,2230582898
4,0,2257148515
0,4,2063822521
4,0,2259414426
4,0,2061891319
4,0,1980493294
4,0,2266917606
4,0,2252940766
0,4,1978501866
4,0,2176430450
4,0,2058777653
4,0,2192834809
4,0,2006290912
4,0,2060423355
4,0,2051440293
4,0,2192301300
4,0,2236836987
4,0,2259432737
4,0,1880538473
4,0,1932993159
0,4,1971513366
0,4,1795134642
4,0,2243049546
0,4,1754524035
0,4,2052866830
4,0,1835988870
4,0,2208585465
0,4,1824621390
4,0,2251705745
4,0,1979678900
4,0,1990470853
4,0,1693533074
0,4,2180849131
0,4,1977704286
0,4,2069494319
4,0,2248759015
4,0,1752443716
4,0,2238009248
0,4,1695657091
0,4,2175843088
0,4,1957241010
4,0,2254841100
4,0,2193249124
0,4,1993665707
4,0,1985693275
0,4,2060924768
4,0,1880102032
4,0,2239278142
4,0,2233606163
0,4,2014295733
4,0,2197687359
0,4,2008625149
4,0,2266396988
4,0,2259935463
4,0,2190832397
4,0,1832864379
0,4,1970521949
4,0,2179395568
0,4,1982049837
0,4,1980254470
0,4,2188130061
4,0,2218737777
4,0,2185353107
4,0,2204887835
4,0,1677370967
4,0,1965996982
4,0,1979863245
4,0,2265970840
0,4,2003317043
4,0,2199669127
4,0,2260953246
4,0,2066902158
0,4,1468268968
4,0,1564950540
4,0,2217793754
4,0,2264958519
4,0,2327529437
0,4,1836456373
4,0,1975655102
4,0,2247445403
4,0,1881551900
4,0,2259825671
4,0,2213947209
4,0,2259896633
4,0,1992975233
0,4,2052989134
4,0,2299667383
0,4,1825559196
0,4,2191805187
4,0,2063449388
4,0,2057967336
4,0,1972433376
4,0,1979308882
0,4,1755443052
4,0,2058851820
4,0,1693198897
4,0,2233620495
0,4,1999181690
0,4,1963199940
4,0,2322447449
4,0,1833427975
0,4,1686216416
0,4,2050004524
4,0,2244952790
0,4,2062290214
4,0,1981443860
0,4,1972666999
0,4,1994185604
0,4,2188448988
4,0,2217511470
4,0,2228024940
0,4,1823597732
4,0,2230091004
4,0,2210836295
0,4,1694882523
0,4,1981295414
4,0,2015627378
4,0,2249909156
0,4,1990841329
4,0,2211434604
0,4,2184556115
4,0,2234218569
4,0,2051676427
4,0,1573400995
4,0,2203664869
4,0,1984825519
0,4,2071945748
4,0,2258357875
0,4,2180847578
4,0,2196151381
0,4,2060085655
0,4,1968080524
4,0,2323712175
4,0,2301201253
4,0,2001240698
4,0,2175393493
0,4,2174736677
4,0,2176040079
4,0,1834605969
4,0,1992871959
4,0,2181300481
0,4,2047547757
0,4,2190751703
4,0,1686274417
4,0,2209729753
4,0,2286021485
4,0,2180952604
0,4,1795363528
4,0,2260599722
0,4,1468556115
4,0,2181117906
4,0,1997501891
4,0,2011239116
4,0,1754696920
0,4,1967983859
4,0,2204651888
4,0,2288110076
4,0,2007086355
0,4,1694238710
4,0,2181320972
4,0,2325726278
4,0,2176269071
4,0,1564219855
4,0,1791791919
4,0,1680088429
0,4,2175469745
4,0,2000533888
4,0,1992863424
0,4,1976734877
4,0,1752524436
0,4,2066921376
4,0,1980230686
4,0,2203220940
4,0,2210282712
0,4,1976091889
0,4,2001801833
4,0,2055220476
4,0,1994142588
0,4,2015163696
4,0,2054771273
4,0,1794463713
0,4,2177881704
0,4,1881517208
0,4,2187320020
4,0,2063169338
4,0,2224977656
0,4,2062743443
0,4,2067219174
0,4,1970285166
4,0,1972729453
0,4,2007163626
0,4,1970221818
4,0,2184862850
4,0,2069934803
4,0,2264228194
4,0,1976366758
0,4,2185897138
0,4,2055572452
0,4,1559908144
0,4,2054717302
0,4,2048842006
0,4,1834543876
0,4,1966839231
0,4,2192335886
0,4,1677504257
4,0,1883253969
4,0,2063310113
4,0,2065906711
4,0,1975619383
4,0,1986587619
4,0,1975547988
4,0,1823808919
4,0,2204432748
0,4,1833587520
0,4,1793987031
4,0,2202326485
4,0,2327318381
4,0,1989954565
0,4,2064168025
4,0,2048339793
4,0,2003042083
0,4,2004305396
4,0,2265414609
4,0,1573580743
4,0,1558852444
4,0,1984879707
0,4,2063556280
0,4,2187730183
4,0,1990788016
4,0,2326285852
0,4,1883455033
0,4,2000788784
4,0,1835190870
4,0,2212546713
0,4,1995956924
4,0,2257008759
0,4,1974444395
0,4,1961355870
0,4,1964939778
0,4,1990524894
4,0,1969576118
4,0,2191950373
4,0,2258584674
4,0,2014779008
0,4,1468653891
4,0,2065007299
4,0,2259576394
4,0,1957119110
4,0,1687146799
4,0,2175714348
0,4,1964918648
4,0,1551543760
0,4,1564733573
4,0,1753107200
4,0,2050955105
4,0,2175914463
4,0,1932858264
4,0,2064182414
4,0,2254538889
4,0,1573998051
0,4,1999708883
4,0,1760272761
4,0,1835350097
4,0,2191150710
4,0,1835058460
4,0,2013653469
4,0,1989731404
0,4,2054934009
0,4,2067315849
0,4,2048303505
4,0,2206626625
4,0,2300276003
4,0,2237360776
4,0,1968098065
0,4,1824181707
4,0,1692600037
4,0,2323411322
4,0,2039652474
4,0,2061188142
4,0,1965071295
0,4,1982248051
4,0,1973597404
0,4,2063803775
4,0,1556967881
4,0,2324794742
0,4,2193153389
4,0,2219538699
4,0,1985026848
0,4,1982666707
4,0,1676029440
4,0,2325278461
0,4,1972226044
4,0,1770614889
0,4,2192536354
0,4,1687042965
0,4,2190832566
4,0,1680162023
4,0,1559940226
4,0,1969158469
4,0,2065676615
0,4,1676064946
4,0,1573664189
0,4,1753518278
4,0,1971824526
0,4,2048010284
0,4,2061667449
4,0,1981103582
4,0,1676752163
0,4,2058097316
4,0,2231069633
4,0,2014283146
4,0,2322074674
0,4,2182050951
4,0,1822642843
0,4,1997678271
4,0,1753476614
0,4,2063145622
0,4,1882128427
0,4,2182479719
4,0,1971329093
0,4,1882268773
4,0,2209145747
4,0,1963383772
0,4,2047857307
4,0,2205413409
4,0,2204003741
4,0,1680165161
0,4,2176350070
0,4,2051498708
0,4,1833556451
4,0,1754491290
0,4,2191530673
4,0,1880782217
4,0,1995928037
4,0,2203920045
4,0,2183834443
4,0,1978114890
0,4,1880904154
0,4,2058860623
4,0,2207290554
0,4,1968862893
4,0,2260417298
4,0,2223989807
0,4,1984053950
4,0,1968874171
0,4,1833986077
0,4,1996111194
4,0,2222177875
0,4,2069567914
4,0,1986581930
4,0,2064575078
4,0,2058356594
0,4,2189038631
4,0,2001736107
4,0,2072038730
0,4,1981456978
4,0,1556595537
4,0,1965757595
4,0,1985866989
0,4,1980433807
4,0,2213782005
4,0,1962580479
0,4,1956211993
4,0,2199572160
4,0,1973730219
0,4,2063572918
4,0,2004286411
4,0,2190764594
4,0,2296997363
4,0,1997261281
0,4,2064359618
0,4,2047902007
4,0,1981161655
4,0,2012798441
4,0,1993894682
4,0,1564235860
0,4,1974219174
4,0,1694873919
4,0,1972913509
0,4,2061921588
4,0,1969485150
4,0,2060667381
0,4,1965638677
0,4,2177096895
4,0,2031171128
4,0,1557001807
4,0,1981127497
4,0,1972193766
0,4,1881580411
4,0,1824524647
4,0,2014730504
4,0,2196635699
4,0,2321791911
4,0,2295556871
0,4,1960823271
4,0,2263141943
4,0,2065672240
4,0,2012926711
0,4,1827820728
4,0,1468416968
0,4,2039895863
0,4,1969681049
4,0,1825436712
4,0,2190213770
4,0,2286896799
4,0,2048760927
0,4,2177602012
4,0,2238109035
4,0,1760069536
4,0,2067503040
4,0,2212533832
0,4,2179799222
4,0,1755249365
0,4,2047296850
0,4,2045107513
0,4,1883366829
0,4,1553082746
4,0,1966734163
4,0,2186644598
4,0,1676445454
4,0,1984052843
0,4,1989832354
4,0,1978974582
0,4,2051645543
4,0,2322753794
4,0,2237125463
4,0,1832859610
4,0,1823867517
0,4,2017011677
4,0,2054983979
4,0,2175595552
0,4,1759970378
4,0,2016932251
0,4,1678336120
4,0,1882492138
4,0,2049771496
4,0,1686849243
4,0,2231346099
4,0,2014897516
0,4,1933138374
4,0,1983581062
0,4,1995086333
4,0,2214359297
0,4,1982835826
4,0,2186588838
0,4,2071869155
4,0,1694284101
4,0,1752697690
4,0,1755121695
4,0,2295786060
0,4,1792481006
0,4,2058861576
4,0,2325229821
4,0,1960451048
4,0,2207136979
4,0,1557389763
0,4,1693744289
4,0,2234047473
0,4,1977996441
4,0,2048818818
4,0,2017156613
0,4,1685871179
4,0,1694434489
4,0,2200853991
4,0,2176034449
4,0,2174971961
4,0,2194048360
4,0,2050432514
0,4,1792115648
4,0,2056402180
0,4,2008077739
0,4,1979566665
4,0,1986920737
0,4,1564381575
4,0,1564299946
4,0,1882350045
4,0,2242652930
4,0,1967303916
4,0,2222319183
4,0,1967792190
4,0,2003082359
4,0,1824968536
0,4,2188284642
0,4,1564585458
4,0,1685049715
0,4,2176603163
4,0,1981749857
4,0,1676947102
4,0,2217824252
4,0,2261157173
4,0,2206140941
0,4,1883560665
0,4,2016105149
0,4,2014917009
0,4,1564585741
4,0,1961429900
0,4,1963199198
4,0,2059895457
4,0,2302584766
4,0,2063493059
0,4,1558424919
4,0,1961920582
4,0,2204058479
4,0,1999506445
4,0,1979446111
4,0,2325007354
4,0,2014185301
0,4,1880103290
4,0,2236125408
4,0,2197230964
4,0,1551649043
4,0,1977188181
4,0,2226815777
4,0,2052597930
0,4,1793658942
4,0,2251131530
4,0,2250090325
4,0,2220843642
0,4,1548812521
4,0,2204347552
4,0,1573232268
0,4,1992996284
0,4,2002411368
0,4,2069472657
4,0,2221264266
0,4,2056790509
0,4,1980871245
4,0,1933168908
4,0,2195967147
0,4,1880016348
4,0,2229012958
0,4,2187226479
4,0,2015588045
0,4,1977259468
4,0,1984121255
4,0,2248489157
4,0,1968640131
4,0,2245829482
4,0,2262128269
0,4,1991663718
0,4,1996193781
0,4,2053379325
0,4,2061046866
4,0,2064470782
4,0,1823416419
4,0,1962697179
0,4,2053022842
0,4,2175222775
0,4,2178342977
0,4,1969975853
4,0,1976830613
0,4,1880039125
0,4,1978854801
4,0,2231946403
4,0,1985421523
0,4,2014815438
4,0,2018590004
4,0,1883469454
4,0,1981288013
4,0,2062000752
0,4,2189469200
4,0,2047560633
0,4,2177164459
4,0,2064916315
4,0,2201886954
4,0,1753482956
4,0,1973888853
4,0,1996797389
0,4,2051643286
4,0,1685870875
4,0,1685959265
4,0,1976969897
4,0,2298045491
4,0,1998163432
4,0,1823040086
0,4,2002002173
4,0,1973262315
4,0,2072286857
4,0,2053703659
4,0,1972909222
4,0,2254406050
4,0,1557875670
4,0,1693809577
4,0,2048339592
4,0,1982255994
0,4,1557245708
4,0,2252193426
4,0,2061937421
4,0,2003806219
4,0,2302270025
4,0,2286136267
4,0,1694523753
0,4,1982908226
0,4,2052060687
0,4,1970363782
0,4,1995593099
0,4,2063022276
0,4,1976520175
0,4,1834428893
4,0,2302196681
0,4,2000304403
0,4,1966962049
0,4,1693119391
0,4,2016250485
4,0,1967935290
0,4,2017104199
4,0,1553585633
4,0,1974666481
4,0,1970284731
4,0,1972052176
0,4,1824135057
0,4,2046337872
4,0,2201820383
0,4,1692372566
0,4,1573617648
4,0,1983895367
4,0,1966520559
4,0,1687215166
4,0,1966603957
0,4,1558214781
4,0,2249739083
0,4,1684875501
0,4,2014804810
4,0,2328180996
0,4,2012896727
0,4,2056896857
0,4,1795957203
4,0,1551641792
4,0,1993636202
4,0,2213999563
4,0,2061881646
0,4,2175636180
4,0,2066004009
0,4,1979270624
0,4,1980025682
4,0,2241361633
4,0,2175060446
4,0,2064171393
4,0,1995038222
4,0,2251499298
4,0,1679207489
0,4,1975957140
0,4,2175419894
0,4,1970943057
4,0,2179791606
0,4,2175757909
4,0,1979910058
4,0,1676151138
4,0,1968819876
4,0,1964854224
4,0,1990991919
4,0,1976215769
0,4,1564136878
4,0,1984465655
0,4,1996045212
4,0,2198099371
4,0,2050846354
4,0,2296490954
0,4,1990856086
4,0,2014218959
0,4,2185144502
4,0,2179947074
0,4,2062025660
0,4,1970922383
0,4,2182628451
0,4,2060596900
4,0,2061539967
4,0,1675923178
0,4,2068855971
0,4,2053050802
4,0,1686335394
4,0,1932703466
4,0,2054655011
0,4,1880477820
4,0,2216862524
4,0,1972040388
0,4,1989676482
0,4,1551909462
0,4,1982149807
0,4,2189607529
4,0,2192357628
0,4,1686877455
4,0,1880758570
0,4,2059848431
4,0,2191933344
4,0,1834777236
0,4,2067144644
0,4,1969440440
4,0,2069691691
4,0,2180540244
4,0,2191189250
4,0,1555957214
0,4,2000304879
0,4,1984464114
0,4,1559006753
4,0,1969029223
4,0,2180735997
4,0,2197048831
0,4,2002065355
4,0,1835149022
4,0,1880429207
0,4,1685538264
4,0,1573342600
4,0,1990315085
4,0,2236540154
0,4,1793204245
4,0,2200529653
0,4,1991349719
4,0,1550762111
0,4,1981887156
4,0,2067911014
4,0,1960576036
0,4,2191235729
0,4,2185579295
0,4,2187276114
0,4,1686183338
0,4,2049286458
0,4,1989686683
4,0,1966858097
4,0,2015819731
4,0,2328351067
4,0,1882326318
4,0,2200720560
0,4,2064742059
0,4,1881098407
4,0,1971955325
0,4,2014035669
4,0,2223656040
0,4,2169480658
0,4,2061966237
4,0,2256725098
4,0,2259457916
4,0,2050987503
4,0,2302230182
4,0,2062155863
4,0,1880553156
0,4,1982449367
4,0,1963462813
0,4,2053021259
4,0,1993620412
4,0,2053969766
0,4,2071159201
4,0,1555693252
4,0,2063627990
4,0,2212860208
4,0,1984621626
4,0,2195265794
4,0,2200221426
4,0,2322388642
4,0,2012820058
4,0,1995234715
4,0,2175493841
0,4,2056823033
0,4,1680313288
4,0,2187749141
0,4,1827804232
0,4,1751034655
4,0,1880401269
0,4,1880895639
0,4,2016175265
0,4,2052661577
0,4,1880643258
0,4,2069433410
0,4,1880598499
4,0,2175201179
4,0,1997655687
4,0,1557328620
0,4,2176495897
4,0,1980082986
4,0,2297939469
4,0,1967190265
0,4,1677536277
4,0,2045841787
0,4,2014629488
0,4,1989933460
4,0,2050682617
4,0,1984730378
0,4,1752590890
0,4,2067645862
4,0,1751138541
0,4,1974660315
0,4,1984815393
0,4,2186626303
4,0,2065286166
0,4,2014308011
4,0,1688972966
4,0,2262872873
4,0,2235640856
4,0,2250559581
4,0,2001147127
4,0,1548853933
4,0,2193111215
4,0,2003023406
0,4,1985507265
0,4,1971268786
0,4,2072514150
4,0,1992083655
4,0,2000410619
0,4,2067741466
4,0,2199541774
0,4,2175532048
0,4,1881371908
4,0,1974832808
0,4,2015651678
0,4,1956658822
0,4,2052502305
0,4,1556014589
4,0,2046925806
0,4,1771003528
0,4,1990698900
4,0,2197702001
0,4,2068115632
0,4,1832659418
4,0,2044614329
0,4,2189745897
4,0,1964640319
4,0,2060646648
0,4,1564987841
0,4,1983710380
4,0,2197190677
0,4,1982310761
4,0,1551520870
4,0,1691269955
4,0,1793768224
4,0,2263923817
4,0,2252562808
4,0,2324017573
4,0,1979858711
0,4,1996024508
4,0,2235294745
0,4,2064712152
4,0,1678548313
4,0,2262105002
4,0,2244178859
0,4,2050361434
4,0,2069410158
4,0,1880858882
0,4,2069657032
4,0,2322898128
0,4,1978776042
4,0,2321982675
0,4,1881502835
4,0,2286770297
4,0,2246361770
0,4,1754402258
0,4,1558213373
4,0,2044127271
4,0,2193805871
0,4,2049597630
0,4,1694165895
4,0,2071634979
0,4,2058045970
4,0,1992166439
4,0,2245739439
4,0,1559064719
4,0,1573628731
4,0,2299762394
4,0,2018598033
4,0,1975655145
0,4,1978263890
4,0,2014075414
4,0,2200286744
4,0,1956799856
4,0,1573779492
0,4,2193344579
4,0,2235087403
4,0,2203942816
4,0,2286926084
0,4,1753310108
4,0,2191537233
4,0,2237414613
4,0,2249928224
4,0,2018147422
4,0,2072225315
0,4,1686335262
0,4,2052924377
4,0,1693931644
4,0,2174456815
4,0,1824280719
4,0,2197209886
4,0,2185588966
4,0,2203073820
0,4,2001588719
0,4,1791938654
4,0,2206744930
0,4,1972330308
0,4,2054826273
4,0,2263487246
0,4,1984668456
4,0,2001818984
4,0,2253881016
4,0,2328474171
0,4,2190835066
4,0,2234521824
4,0,2237126863
4,0,2322428712
4,0,2205146788
0,4,2188957214
4,0,1997093601
4,0,2327295672
0,4,1694494207
4,0,2233044818
4,0,1992685268
4,0,1827587440
0,4,1553955966
0,4,1880572752
4,0,2221333503
0,4,2063050600
0,4,1468353283
4,0,1686479870
4,0,1752401969
0,4,2191030535
4,0,2002172526
4,0,1685725616
4,0,1967633158
4,0,2266127381
4,0,1979774561
4,0,1558618514
4,0,2212429861
0,4,1880782565
0,4,1979615996
0,4,2191630764
4,0,2207839486
4,0,2051711369
4,0,2179739394
0,4,1990213029
4,0,1685413117
4,0,2194282806
4,0,1574106077
0,4,2003710175
0,4,1824804465
0,4,2060546487
4,0,1995126681
4,0,2057998219
4,0,1548825209
0,4,1565330750
0,4,2174566568
4,0,1691972876
0,4,1985986062
0,4,2017643225
4,0,1564779868
0,4,1979879317
0,4,2176265792
4,0,1986044144
4,0,2221249487
4,0,2206429183
4,0,1932855147
4,0,1989363987
0,4,1971515559
4,0,2236523671
0,4,1835673287
4,0,1836454904
4,0,2062305248
0,4,1983952145
4,0,2182173872
4,0,2187202540
0,4,1687766121
0,4,1880756424
0,4,2032506760
0,4,2002498280
0,4,2044345080
0,4,1981658974
4,0,2301379387
0,4,1825689609
4,0,1997120451
4,0,2008164763
4,0,1679904489
4,0,1468769212
0,4,2001268591
4,0,1573685091
4,0,1971091534
4,0,1691339437
4,0,2070982324
0,4,1834516261
4,0,1979128064
4,0,1972063802
0,4,1976984451
0,4,1825438104
4,0,2206969179
4,0,2252066774
4,0,2001028993
4,0,2053752780
0,4,2180304073
4,0,2013545135
0,4,1553333885
0,4,1573310055
4,0,2043947464
4,0,1977313512
4,0,1932285374
4,0,2301210133
4,0,1469121577
4,0,2069579221
4,0,1548778307
4,0,2233645391
0,4,1985115832
4,0,2072450356
4,0,1978773832
4,0,2185893285
0,4,1975861525
4,0,1956702799
4,0,1968617405
4,0,2187561179
4,0,2324712275
4,0,2259997659
0,4,2188927424
4,0,1883344152
0,4,1995043358
4,0,2198866663
4,0,2261584960
4,0,2217011760
4,0,2181394600
4,0,1995997406
4,0,2058819610
4,0,2261666143
4,0,2248657929
4,0,1984505941
0,4,2014452437
0,4,2045437602
4,0,2226412430
0,4,2186226359
0,4,2008556706
0,4,2001965645
4,0,2207978779
4,0,2189779969
0,4,2069637857
4,0,1823834710
4,0,2253327785
0,4,1793505352
0,4,1970647193
4,0,2063292817
0,4,2067962862
0,4,2002858836
4,0,2176171859
0,4,1974052229
0,4,1963135793
0,4,2187367648
0,4,1562361914
0,4,1989318660
0,4,1967324807
4,0,2238131516
0,4,1995958251
0,4,1997812961
4,0,2263099021
0,4,2056096442
0,4,2039779782
4,0,1883464612
4,0,2033788894
0,4,2187839029
0,4,1999100085
0,4,2067530637
4,0,2227046382
4,0,2049416956
4,0,1966904988
0,4,1967924787
4,0,1989201381
4,0,1694544967
4,0,2178082074
4,0,2199729224
4,0,2203090688
0,4,1984601873
4,0,2202950124
0,4,1961113956
0,4,2178788980
0,4,1982769422
0,4,1556360851
0,4,1992356467
4,0,1692287477
4,0,2197968184
4,0,2230523120
4,0,1685917672
0,4,1994410977
4,0,2217362024
0,4,1678575262
4,0,1963821291
4,0,2323492421
0,4,2001123605
0,4,2174822576
4,0,2014006012
0,4,1993245980
0,4,1964814560
0,4,1794783941
0,4,2069212894
0,4,1686801295
4,0,1965887145
4,0,2197012747
4,0,1677422816
0,4,1825218926
4,0,2299021382
4,0,2262400586
0,4,1834897699
0,4,1684819899
4,0,2054005955
0,4,1827820002
4,0,2017826028
4,0,1978665263
4,0,2189704535
4,0,2055307907
0,4,2063873722
4,0,2013011167
4,0,2224192255
4,0,1827752096
4,0,1791921376
4,0,1976905309
0,4,2180573618
4,0,2031912467
4,0,2263134142
4,0,2187396329
4,0,2226512755
4,0,2065526924
0,4,1988947547
4,0,2055267316
4,0,2048368953
4,0,2065018993
4,0,1964159645
4,0,2174765159
0,4,1793483301
0,4,1468869955
4,0,2264895810
4,0,2321780048
4,0,1956404469
4,0,2262144577
4,0,2201414516
4,0,2224402427
0,4,2055056901
4,0,2251000206
0,4,1975425119
0,4,2045170497
4,0,2247143126
4,0,2223288630
4,0,1551484704
0,4,2192140150
4,0,1792690185
0,4,1834942617
0,4,1969386076
4,0,2064412482
4,0,2245178573
0,4,2015599568
4,0,2322446077
4,0,1971433703
0,4,1468294189
0,4,2053502340
4,0,1976558032
4,0,2004043491
4,0,2242446019
4,0,2295660395
4,0,2231221308
4,0,2179052635
4,0,1995821977
4,0,1969336585
0,4,1992607102
4,0,1983976761
4,0,2253612218
0,4,2053772571
4,0,1469269900
4,0,2055414617
4,0,2322784179
4,0,1470091904
0,4,1990132042
4,0,1999761186
4,0,1827097010
4,0,1558726445
0,4,2062733801
0,4,2054035205
4,0,2201290255
4,0,2051574815
0,4,2051242812
4,0,1977910060
4,0,1548775825
4,0,1833698636
0,4,1955945305
4,0,2185779090
4,0,2066604485
4,0,2061625054
4,0,2232235976
0,4,2055446908
4,0,2011541308
4,0,1881752993
4,0,1679241097
4,0,2066060245
4,0,2191481232
0,4,1979428033
0,4,1565365365
0,4,1974851818
0,4,1695620876
4,0,1981817673
4,0,1994447094
0,4,2015986647
0,4,2186835783
0,4,1753631640
4,0,2234939097
4,0,1833888453
0,4,1995874025
0,4,2052700840
4,0,2060262938
4,0,1991746257
0,4,1694385463
4,0,1962907469
0,4,2014753660
0,4,2069027123
4,0,2298073997
4,0,1753275768
4,0,2052317993
0,4,1979848455
4,0,2326206444
4,0,2049697065
0,4,2068416130
0,4,2188633265
4,0,1676423740
4,0,1825902434
4,0,2006889499
4,0,2188196644
0,4,1824637284
4,0,1676796494
4,0,2251292164
4,0,2221708293
4,0,1564153393
4,0,2260735518
0,4,1979536499
0,4,2050152197
4,0,2246778230
0,4,1834897181
4,0,2183888298
4,0,2222932322
4,0,2015452967
0,4,1676808119
0,4,2070089307
4,0,2015735194
4,0,2058246335
4,0,2323180326
4,0,1984291130
4,0,2049143835
0,4,1556065268
4,0,1990349793
4,0,1981900585
4,0,2071151158
4,0,1933092963
4,0,2306243450
0,4,2182916783
0,4,2062648927
4,0,2190016819
4,0,1791922600
4,0,1677361170
4,0,2058915794
4,0,1992471412
4,0,2241025535
0,4,1977307638
4,0,2282701562
0,4,2016642645
4,0,1977915716
0,4,1692258241
0,4,1973021025
4,0,2247045422
0,4,1990565486
0,4,2069362236
0,4,1973123252
4,0,2260712188
4,0,1792420652
4,0,2224975367
4,0,1962684003
4,0,1574006755
4,0,2254694724
4,0,2011837503
4,0,2260579525
0,4,1694812972
4,0,2210201554
4,0,1882631683
0,4,2186105344
0,4,1680776689
0,4,1975439293
0,4,1833921839
0,4,1967697025
4,0,1972425059
4,0,1898397834
4,0,2066912941
0,4,2193304384
4,0,2212930982
4,0,2249253045
4,0,2057628917
4,0,2014197788
4,0,2209778910
0,4,2187969214
4,0,1984839312
4,0,2052686372
0,4,2193189366
0,4,1760179839
4,0,1794772516
4,0,2301100349
4,0,2012261849
4,0,2262764068
4,0,2232564118
4,0,2063984098
4,0,2070377275
0,4,2179852339
0,4,1960296107
4,0,2071700951
0,4,1791599250
4,0,1968784120
4,0,1559673443
4,0,1974682319
0,4,1967847540
0,4,2064316089
0,4,2061164776
4,0,1759384052
4,0,1989397238
4,0,1751069281
4,0,1564095469
4,0,2018460485
0,4,1969199695
0,4,1793659391
0,4,1957607793
0,4,1676253081
4,0,1932925359
0,4,1469367959
0,4,2066286615
4,0,2048381861
0,4,2048902399
4,0,2190503377
4,0,2250280082
4,0,1573518297
4,0,2283613990
4,0,2297795163
0,4,2191147690
0,4,2066156041
4,0,1828053716
0,4,1983204428
0,4,1834315632
0,4,2016123301
0,4,1989238668
0,4,2192124502
4,0,1968663549
0,4,2046661960
4,0,2235857400
0,4,1693582671
0,4,1999838272
0,4,1686528624
4,0,2219507949
4,0,2068595010
4,0,2264993614
4,0,2072310648
4,0,1791600658
4,0,2248744290
4,0,1977271786
0,4,2058380097
4,0,2051022295
4,0,2014534511
4,0,2328320006
0,4,1469760459
4,0,2000499065
4,0,1553393810
4,0,2050568792
4,0,2207735707
0,4,1827902640
4,0,2265504787
0,4,1957627832
4,0,2238355534
4,0,1932786118
0,4,1992892783
4,0,1833458873
0,4,1824430332
0,4,1792117812
4,0,1753466682
4,0,1984758729
4,0,2014987658
0,4,1973880325
4,0,2174951964
4,0,1557915414
0,4,2054502542
0,4,2015041851
0,4,1559356958
4,0,2191609519
0,4,1963822594
0,4,1834518030
4,0,2064592635
4,0,2185048866
0,4,1792819856
4,0,2247678534
0,4,1751324739
4,0,2013819123
0,4,1995403087
4,0,2263275277
4,0,2242103622
4,0,2241032619
0,4,2058929292
4,0,1998876576
0,4,2067663932
0,4,1834394080
0,4,1827055126
0,4,1982098562
4,0,2067108245
4,0,1553236037
4,0,2242077959
4,0,2205113745
0,4,2059098738
0,4,2048349068
0,4,1998086133
0,4,1759653173
4,0,2065040075
4,0,2013822569
0,4,2189899888
4,0,1752416053
4,0,1980339324
4,0,1691410231
4,0,2016931955
4,0,2253045555
4,0,2306279843
4,0,2015553875
0,4,1990293696
0,4,2052097461
4,0,1823814469
4,0,2176019235
4,0,2059530050
4,0,1989435504
0,4,1984411784
0,4,2178099675
4,0,1882549964
4,0,2229691257
0,4,2176539458
4,0,1989600229
4,0,2061190288
4,0,1969333555
0,4,2002711429
4,0,2295815562
0,4,2186554851
0,4,1825582639
0,4,1680742192
4,0,2262414424
0,4,2063069686
4,0,2244975634
4,0,1997463953
4,0,2056992581
4,0,2195537615
0,4,2063667750
4,0,1988862241
4,0,2300308304
0,4,1676193843
4,0,2011065368
0,4,2052535602
0,4,2174644519
0,4,2177406136
4,0,2321900747
4,0,2222618533
4,0,2265681538
4,0,1823970850
0,4,2060137856
0,4,2190775657
4,0,1932513931
4,0,2175408498
4,0,2232935339
4,0,2068119426
0,4,2065057641
0,4,2191179195
4,0,1975065468
4,0,1964763479
4,0,1985550483
4,0,1996174614
0,4,2064647108
4,0,2230395383
0,4,2056771164
4,0,2301150994
4,0,2260944348
0,4,1986641242
4,0,2062650412
4,0,2211575604
0,4,1970044676
4,0,1468596929
4,0,2257677624
4,0,2252446670
4,0,2230163102
4,0,2248551834
4,0,2202664437
0,4,1971591897
4,0,2178789621
0,4,1827219343
4,0,1753876882
4,0,2195369674
4,0,2255809977
4,0,1551179767
0,4,2017125217
0,4,1932858806
4,0,2266886369
0,4,2189959885
4,0,1932328260
4,0,2191296430
4,0,2070261537
4,0,2050743136
0,4,1573252109
4,0,1825717070
4,0,2233068049
4,0,2013934573
0,4,2179377796
4,0,2185077076
4,0,1992351987
4,0,2001495919
4,0,1971280284
4,0,2059435727
0,4,1984482037
0,4,1972212044
4,0,2179667909
0,4,2191905081
4,0,1822539039
0,4,1974101945
0,4,1991456970
0,4,1754179676
4,0,2010153397
4,0,2205800646
4,0,2295215446
0,4,2000876174
4,0,2323407818
4,0,1957472414
4,0,2054265158
4,0,1975962035
4,0,2297768877
0,4,1684981732
0,4,2064229911
4,0,2065705239
4,0,2262289550
4,0,2178431762
0,4,2013495503
0,4,2190656080
4,0,1991966926
0,4,1684762584
0,4,2175134218
4,0,1980287632
4,0,1986546821
0,4,2050657297
4,0,1754548946
0,4,1754354042
4,0,1691421177
4,0,2001540438
0,4,1968202167
4,0,1976856746
4,0,2227725771
4,0,2194328264
4,0,2063696940
0,4,1975186670
4,0,2067115777
4,0,1555732276
4,0,1996034198
4,0,2247552784
0,4,1971986939
4,0,1979365952
0,4,1883035964
4,0,2282471944
4,0,1965081394
0,4,1966338217
0,4,1693379155
4,0,2205412512
4,0,1990429095
4,0,1999435107
4,0,1997260503
0,4,1978639752
0,4,2175622796
4,0,1957301684
4,0,1983396552
0,4,2051196200
4,0,2230821649
4,0,2002848376
0,4,2056484544
4,0,2001910146
4,0,1986897510
0,4,1565294837
0,4,1880755494
4,0,1883092139
4,0,2071081431
4,0,2218290302
4,0,2059779670
4,0,2266221316
4,0,2322104955
4,0,1750920435
4,0,2185230392
0,4,2033597398
4,0,1970419452
0,4,2174644023
4,0,1836224843
4,0,1759728849
4,0,1469642427
0,4,2068891433
0,4,2001404553
0,4,2014693062
4,0,1678401215
4,0,2264134241
4,0,2060488783
4,0,1991688740
4,0,2233325142
4,0,1972259978
4,0,2206989305
4,0,2256622540
4,0,2060305622
0,4,1996787711
4,0,2065156743
4,0,2231628411
0,4,2189381504
0,4,2008810699
4,0,1565016943
4,0,1685054244
4,0,1881559514
4,0,1970647817
4,0,1989055740
0,4,1677504904
4,0,2015553940
4,0,2254563799
4,0,1753231189
4,0,2302828358
0,4,1834340083
4,0,2018508195
4,0,1961243059
4,0,2218925675
4,0,2048573064
0,4,2001203239
0,4,1969783740
4,0,1996909675
0,4,1993165357
0,4,1966042682
4,0,2266226080
4,0,2255247470
4,0,2059507089
4,0,2260033733
0,4,1835324555
4,0,2288473366
4,0,2016130865
0,4,1832256199
0,4,1989636690
0,4,2190858783
4,0,2189447467
4,0,1965524757
0,4,2003537756
4,0,1956355744
4,0,1990248021
0,4,1972080586
4,0,1972751510
0,4,1975040504
0,4,1835974474
4,0,1957745916
0,4,1557107983
4,0,2326572993
4,0,1754192209
0,4,2001947271
4,0,1933141775
0,4,1794187091
4,0,2000953619
4,0,1985099724
4,0,2222204081
0,4,1881784104
0,4,1695137257
4,0,2051718391
0,4,2053859329
0,4,1792865652
0,4,2002453923
4,0,2184855474
0,4,1565878401
4,0,1993538161
4,0,2176344719
0,4,1835772659
4,0,2254953308
4,0,1999500328
4,0,2002161205
4,0,1676387727
4,0,2178714256
0,4,1981234761
4,0,2177095671
0,4,1973401861
4,0,2070405984
4,0,2058387492
4,0,1976483989
4,0,2008900877
4,0,1793873036
4,0,2066885996
0,4,1880562629
0,4,2064373089
4,0,2054299476
0,4,2067999430
4,0,2016990294
0,4,2189949641
4,0,2300537063
4,0,2297652711
4,0,1834125681
4,0,1558669355
4,0,2247874088
4,0,2256708727
0,4,1965952367
0,4,1823417257
4,0,1984530142
4,0,2051887831
4,0,2060335386
0,4,2064909087
4,0,1686567105
0,4,1831347423
4,0,1932637556
4,0,2178066902
0,4,1880381221
4,0,2053722413
4,0,1985395190
0,4,1983068708
4,0,1997975253
0,4,2016071376
0,4,2004962396
0,4,2065056427
0,4,2067529154
4,0,2057506581
4,0,2207502199
4,0,1694647702
0,4,1998109242
4,0,2052245373
0,4,1678977497
0,4,1557615386
4,0,1554461032
4,0,2058255096
4,0,1996744687
4,0,1827353706
4,0,1678863971
4,0,2323371111
4,0,1977051436
4,0,1989998422
0,4,1956072613
0,4,2186788456
0,4,1984086695
4,0,2069184701
4,0,1982866132
0,4,2061281346
4,0,2070547493
4,0,1677015581
0,4,2187620125
4,0,1983734284
4,0,1834702702
4,0,2301294263
4,0,1676757563
4,0,2252590615
4,0,2203951110
0,4,2052897293
4,0,1998524385
0,4,1967641411
4,0,2061301194
0,4,1983950926
0,4,2014339990
4,0,2002127295
0,4,2062434445
4,0,2015447261
4,0,1883149671
0,4,2013656946
0,4,2191147540
4,0,1883663614
4,0,2195717122
4,0,2234802274
4,0,1685213823
4,0,2068640978
4,0,2327909479
4,0,1833781606
0,4,1688895814
4,0,1824179515
4,0,2056477307
0,4,1976197547
4,0,2284824673
0,4,2185489555
4,0,1974908002
4,0,2048594311
0,4,1796904794
4,0,1557584809
4,0,2210913231
0,4,2014449129
0,4,1981801687
4,0,2262091009
0,4,1993412683
4,0,1565947250
4,0,2264688994
0,4,2015528854
4,0,1984759440
0,4,1978359765
4,0,2000859431
0,4,1556361985
0,4,2193426454
4,0,2250541460
0,4,1833911324
4,0,1974738469
4,0,1834903824
0,4,1677204183
4,0,2250543221
0,4,1974757320
4,0,1956733979
0,4,2015175348
4,0,2196800205
4,0,1676703525
4,0,1676424281
4,0,2192079531
4,0,1977947576
4,0,2260024375
4,0,2205132108
4,0,2001313840
4,0,2001457053
4,0,2184777853
4,0,2051227907
4,0,2000877074
0,4,2014211807
4,0,2189302981
4,0,1932888053
4,0,2250969932
4,0,2192936251
0,4,1834402117
0,4,1970148751
4,0,2063736710
4,0,1992573871
4,0,2210795943
4,0,2005115655
0,4,1993665264
4,0,2010601007
4,0,1684969857
0,4,1967191955
4,0,1824346200
4,0,2300744163
4,0,1985958681
0,4,1995939628
0,4,1976012979
4,0,2232828061
0,4,1752964724
4,0,2065331597
4,0,1692095665
0,4,1997047461
0,4,1824135548
0,4,1975155081
0,4,2063935126
4,0,2215327643
4,0,2228847485
4,0,2284915211
4,0,1962460120
4,0,1996245626
0,4,2188927461
0,4,1677893444
4,0,2259517777
0,4,2174505401
4,0,1974428540
4,0,1557133612
4,0,1559292182
4,0,2070415645
4,0,2180103695
0,4,1978236695
4,0,1963102339
4,0,2046055762
4,0,1998341704
0,4,2014112318
4,0,2178997708
0,4,2060582372
4,0,2215231432
0,4,1827894541
4,0,2014757898
4,0,2222293079
0,4,1989299126
4,0,2251281815
4,0,2049500048
4,0,2177481904
0,4,1880206985
0,4,1998940148
0,4,2014888238
4,0,1823121412
0,4,1548727630
0,4,2175872948
0,4,2191866140
4,0,2174934921
4,0,2262939827
0,4,2064445962
0,4,1687663903
4,0,2256663032
0,4,1695965030
4,0,2177361767
4,0,2206718841
0,4,1990081251
4,0,2250223135
4,0,1687496723
0,4,2064445391
4,0,2017608191
4,0,1686297721
0,4,2192935911
4,0,1982303612
4,0,1793904315
4,0,1957046815
0,4,1559875649
4,0,1833234318
4,0,1991303591
4,0,2298266128
0,4,1834768511
4,0,1468293310
4,0,1969865016
4,0,1686017212
0,4,2013067159
4,0,1981815354
0,4,1793481936
4,0,2047935029
4,0,2066991676
4,0,2288214792
4,0,2062673007
4,0,2017614052
4,0,2236416848
0,4,1966636524
0,4,1976481129
4,0,2224747509
0,4,1685727442
4,0,1695649840
4,0,1564275114
4,0,1960867210
4,0,1965553903
4,0,2058161693
0,4,1961988280
0,4,2175395283
4,0,1548319602
4,0,2003229650
4,0,1881060436
4,0,2056407316
4,0,1977366984
4,0,2008244725
0,4,1675862988
0,4,1991796239
4,0,2259568885
0,4,1994251292
0,4,1963998125
4,0,1989741850
0,4,1986134182
4,0,2071899923
4,0,2301045935
0,4,2054796187
4,0,2176601310
0,4,1956309909
4,0,2061514319
4,0,1695466930
4,0,2071744089
4,0,1973825088
4,0,2175877402
4,0,2219444090
4,0,2284423813
4,0,2054614330
0,4,2190114249
0,4,2007164150
4,0,1556606151
4,0,2230594608
0,4,1695846359
4,0,2285820971
4,0,2045841638
4,0,2067502388
4,0,1971059925
4,0,2071089740
4,0,1793933209
4,0,1677207746
4,0,1998190389
4,0,1753534396
0,4,2000923900
4,0,2287882698
0,4,1879952416
4,0,1966195083
0,4,2176601254
0,4,1677458774
0,4,1553462868
0,4,1974381482
4,0,2260267237
4,0,2048153751
4,0,2244769787
4,0,2259205130
4,0,1999622490
4,0,2194677604
4,0,1971851239
4,0,2203886699
4,0,2175219130
4,0,2175428540
4,0,2061553277
4,0,1996192111
4,0,1969597259
4,0,2190963123
4,0,2212538245
0,4,1981145763
4,0,2014313589
4,0,1823437192
4,0,2265758826
4,0,1833580364
0,4,1468350990
0,4,2053023663
4,0,1825160765
4,0,2057275827
4,0,2187195628
0,4,2000428122
4,0,1692295722
4,0,2222647885
4,0,2204752537
4,0,2060135199
4,0,2066992431
4,0,2325312724
0,4,1981707307
4,0,1556701241
4,0,2246379666
4,0,1835701134
4,0,1957132511
0,4,1972789984
0,4,2053038659
4,0,2252926615
4,0,1966107186
4,0,1995540953
0,4,2174922351
4,0,2232492183
0,4,2179875717
0,4,1967945321
4,0,2217247717
4,0,1573414724
0,4,2044814850
4,0,2266164979
0,4,1992455857
4,0,2187066913
0,4,1694726768
0,4,1986786468
0,4,1559068472
4,0,1565388708
4,0,2063254988
4,0,2049951530
4,0,2233003938
0,4,2056953624
0,4,1468323352
4,0,1974439020
4,0,2245194939
0,4,2055538669
4,0,1932820690
0,4,2055372342
0,4,1932858345
4,0,2211257960
4,0,2053144387
0,4,1880235940
0,4,2190563824
0,4,2182682398
4,0,2016634229
0,4,2177803159
4,0,2225719175
4,0,2046125025
0,4,1553179492
4,0,2234539255
0,4,2190223786
0,4,1880633614
4,0,2216862451
0,4,1983207574
4,0,1962781061
0,4,2053489850
0,4,1966375840
0,4,2011036397
0,4,1770548980
4,0,2056074436
4,0,2266257874
4,0,1982360586
4,0,1565096048
4,0,1982242800
0,4,1976092811
4,0,1989680131
0,4,2001120529
4,0,1686791004
4,0,2067114961
0,4,1574087957
0,4,1979174842
0,4,1693209039
4,0,2204154496
0,4,1977971374
0,4,1997539608
4,0,2228697071
4,0,2066940996
4,0,2247689433
0,4,2052865551
4,0,2240181687
0,4,1751988089
0,4,2190092725
4,0,2063704547
4,0,1563807026
0,4,2001179123
4,0,2055364811
0,4,2051161334
4,0,2200928355
4,0,1835313294
4,0,2203253480
0,4,2065348451
4,0,1975221731
4,0,1551901677
0,4,1965916977
4,0,1564646271
0,4,2018353045
0,4,1572844206
4,0,1468853362
0,4,2175780490
4,0,2324562349
0,4,1990113456
4,0,1972180784
0,4,1962630502
0,4,2065958726
0,4,2055491512
0,4,2014691453
4,0,2300593295
0,4,2056391335
0,4,1956072585
0,4,1932293682
4,0,1981742511
4,0,2217729030
4,0,2228115989
4,0,2067973002
0,4,1975982905
0,4,1685031414
4,0,2176376260
4,0,1980608730
4,0,2190932190
4,0,1967867932
0,4,1990023395
4,0,2177578071
0,4,2061525160
4,0,2204429144
0,4,1984900628
4,0,1968792376
4,0,1994089133
0,4,1753309879
0,4,1685519453
0,4,1989582521
4,0,2203432054
4,0,2231083491
0,4,1551427323
4,0,2045117984
4,0,2069781685
4,0,2247750559
0,4,2052747849
0,4,1979707351
0,4,1573530814
4,0,2183809175
0,4,1978972341
4,0,2198197583
0,4,2015905004
4,0,2224567632
4,0,2062785833
0,4,1750965106
0,4,1995468359
0,4,2052857472
0,4,1694091113
4,0,2231412512
4,0,2229872007
4,0,2229122867
4,0,1557235928
4,0,2013504283
4,0,1979546104
4,0,2252365087
0,4,1977120650
0,4,2177082624
4,0,1964794235
0,4,1751500571
4,0,1973833126
4,0,1974753768
0,4,2058658659
0,4,2066194789
0,4,1955950454
4,0,1793218473
0,4,2057082119
4,0,2231577178
4,0,1973811135
4,0,2235020601
0,4,2065074618
4,0,2189294017
0,4,1956110647
0,4,2065315033
4,0,2178613651
4,0,2219283050
4,0,2327193206
4,0,2285689809
4,0,1976465553
0,4,1556796459
4,0,1759163629
4,0,1997283589
4,0,2056091916
0,4,2057708867
4,0,2236117841
4,0,2065167545
4,0,2229679096
4,0,2215916546
0,4,2065768783
4,0,1573322799
4,0,2237044497
4,0,2053111737
4,0,1692410835
4,0,2203456261
4,0,2255162206
4,0,1687058162
4,0,1993859360
4,0,2183348020
4,0,1564505451
4,0,2266906994
4,0,1990391887
4,0,2016090201
4,0,2301222871
4,0,2054832944
0,4,1881839576
0,4,2047581389
4,0,2017333211
4,0,1966228071
0,4,1968708551
4,0,2177863598
0,4,1989391854
4,0,2217827568
4,0,1550842657
0,4,2176552420
0,4,2012391260
4,0,2002319172
0,4,1982532274
0,4,1977779735
0,4,1981375366
4,0,1961059288
4,0,1979755052
4,0,1965097888
0,4,1880783331
4,0,1996546073
0,4,1979099328
0,4,2048575783
4,0,2257994682
0,4,1977006629
0,4,1982282248
4,0,1991619818
4,0,1990081814
0,4,1559129556
4,0,2248525938
0,4,1932886859
4,0,2237292181
0,4,1795317308
0,4,1557108349
0,4,1469026374
4,0,1992679692
0,4,1997561237
4,0,2063894554
0,4,2063507332
4,0,2214772931
4,0,2218976263
0,4,1983694156
0,4,1960762111
4,0,1556721843
4,0,1754902490
0,4,1677330082
4,0,2062438113
4,0,2070167100
4,0,2254539294
4,0,2051012325
0,4,1676972538
4,0,2204890513
0,4,1981784826
4,0,2183671424
4,0,2072207724
0,4,1964708012
0,4,2055957845
4,0,2052485717
4,0,2285821767
4,0,1974439106
4,0,1960425693
0,4,1982770345
4,0,2264249260
4,0,2261994238
0,4,2062448130
0,4,2044314342
4,0,1982830909
4,0,2233140542
4,0,2205861773
4,0,2299505921
4,0,1687331308
0,4,2013982456
0,4,2012954587
0,4,1980668650
0,4,2018376280
4,0,2288117080
0,4,1983847117
0,4,1976197273
0,4,1999081622
4,0,1573943387
4,0,2176134580
0,4,1985401668
0,4,1836133712
4,0,2015206815
0,4,2055667108
4,0,2236663509
0,4,2182914960
4,0,1972397859
0,4,2189252616
4,0,2176266034
4,0,1969275290
4,0,1972268661
0,4,1969767851
4,0,2072040261
4,0,2246676433
0,4,2039765546
0,4,1694401066
4,0,2323029499
4,0,1752348890
4,0,1677712355
0,4,2062447973
4,0,2009275068
0,4,1971577875
4,0,1997063108
4,0,2175538098
4,0,2187013175
4,0,1880916014
4,0,2229174115
4,0,2055388623
4,0,1986183763
4,0,1557156013
0,4,1558885636
4,0,2050821922
0,4,1827731134
4,0,1966449859
4,0,2301230246
4,0,1793068369
4,0,2264761004
4,0,1827395147
4,0,2182903039
0,4,1827937248
0,4,1967870016
0,4,2008560189
0,4,1989032082
0,4,1677187526
0,4,1966374162
0,4,2001976060
4,0,1971578724
4,0,1685474753
4,0,1828032709
4,0,2070619778
4,0,2054600809
4,0,1823437988
0,4,2070581964
4,0,2004846149
0,4,2044847206
4,0,2176647991
4,0,1997377460
4,0,1834471224
4,0,2237433854
0,4,2070659906
4,0,1687216266
4,0,1977253941
0,4,1998959247
4,0,2228196599
0,4,2033645275
0,4,1968849683
4,0,1825020589
4,0,2052620702
0,4,1469616234
4,0,1956482001
4,0,2196894070
4,0,2179766103
4,0,1771132710
4,0,1564463278
4,0,1551482568
0,4,1564103697
4,0,1963649102
4,0,2062578938
4,0,1794730107
0,4,1980616407
0,4,1993815676
4,0,2181802259
4,0,2251773652
0,4,1999045148
4,0,2194593758
4,0,2051519880
0,4,1933223520
0,4,1675863155
4,0,2222153716
4,0,2053950195
4,0,2205368898
4,0,2324912993
4,0,2257633883
4,0,1978969354
0,4,2190993571
4,0,2072438479
4,0,2191219025
4,0,2220651111
0,4,2051733249
0,4,2059382227
4,0,2202396543
0,4,1467823046
4,0,2015777146
4,0,1557579492
0,4,1988702663
4,0,2015424790
0,4,2072190105
4,0,1991070443
4,0,1882086549
0,4,2188721684
0,4,2176113214
4,0,1556609622
0,4,1963777480
4,0,2235447933
4,0,2262732886
0,4,1984414713
4,0,2016129779
4,0,2251260587
4,0,2018269690
4,0,2194073513
0,4,1687125121
4,0,1980663511
0,4,2016283067
4,0,1975549016
4,0,2049930071
0,4,2015667870
4,0,2062301651
4,0,2175423816
0,4,1557242756
0,4,2011927964
4,0,2235196435
0,4,1880937071
4,0,2234937249
4,0,2202289966
0,4,2189925441
4,0,2244957070
0,4,1827778353
4,0,2266689484
0,4,1980017547
4,0,2067713763
4,0,2052150386
0,4,1961529066
4,0,2242519915
4,0,2069937242
4,0,1996886179
4,0,2210537675
4,0,1965531224
4,0,1558254605
4,0,2302608543
4,0,2053380691
4,0,2006459542
4,0,2059947755
4,0,2016999562
4,0,2005008598
4,0,2190089192
0,4,1753954293
4,0,1974639885
4,0,1981391396
4,0,2066784190
4,0,2222797168
4,0,1558066637
4,0,1559218257
0,4,1974333289
0,4,2189018528
0,4,2047856380
4,0,1994330302
4,0,2266118560
4,0,2249015598
4,0,2007794059
4,0,2176230902
0,4,1994631575
0,4,2066660529
4,0,1825038421
4,0,1988864103
0,4,1957053685
0,4,1685919168
4,0,1982668299
4,0,2016094787
4,0,2286771606
4,0,2241582160
4,0,1793495497
4,0,2062512680
0,4,1956277054
4,0,2235746204
0,4,2067470521
0,4,1965805651
4,0,1685855175
4,0,2256189656
0,4,2188849060
4,0,2254236999
0,4,1972897232
0,4,1770980190
0,4,2065940314
4,0,1964592011
4,0,2011628768
4,0,2065852324
4,0,1990436133
4,0,1974558426
4,0,2261968490
0,4,1978544281
4,0,2195771540
4,0,2004032707
4,0,1974789226
4,0,2296105235
4,0,2214278368
0,4,1996536526
0,4,1972774537
4,0,2054381335
0,4,1882230451
4,0,2072406394
4,0,1556794166
0,4,1983570480
4,0,2221344181
4,0,1966127869
4,0,2197818947
4,0,2238015479
4,0,1974714908
4,0,1994823747
0,4,1999932520
4,0,1752222650
4,0,2178801392
0,4,2188897998
0,4,2064896422
0,4,1998433269
4,0,1957086444
4,0,1995542235
4,0,1995287167
4,0,2261132517
4,0,2206436240
4,0,2071909765
4,0,2014767948
4,0,2071650128
4,0,1976912132
4,0,1881246469
0,4,2185145207
0,4,2049911847
4,0,1557029129
4,0,1976288886
0,4,2068275388
4,0,1969469342
4,0,2049456132
4,0,1985140663
0,4,2055509594
4,0,1956888328
4,0,1880945920
4,0,1881926072
4,0,2185677601
4,0,1964127614
4,0,1964246804
0,4,2064200474
0,4,1980566488
4,0,2056049841
4,0,2013812145
0,4,1967454171
4,0,1826057919
4,0,2176689182
0,4,1996460727
4,0,2216762051
0,4,2176056617
0,4,1965563541
4,0,1968399727
0,4,1835247689
0,4,2060508687
0,4,1824730263
4,0,1834399328
4,0,1967331972
0,4,2066029664
0,4,2072052753
4,0,1795501115
0,4,1551807114
4,0,2214503946
4,0,2286221187
0,4,1998672713
4,0,1836352797
4,0,1971145930
4,0,2053566861
4,0,1977634272
0,4,2015338603
4,0,1988999863
0,4,2063279152
4,0,2069989234
0,4,1834450904
4,0,2178641402
0,4,1986006253
4,0,1822461923
0,4,2064866860
4,0,1973447806
0,4,2179629746
0,4,1979375628
4,0,2001641687
4,0,1792352669
4,0,2232162007
0,4,2052596834
4,0,2057818739
0,4,1984847555
4,0,1834160211
4,0,1996606351
4,0,2014298849
0,4,1677978363
4,0,2229355056
4,0,2182877447
0,4,1836226421
0,4,2061198652
4,0,1963408939
4,0,2218954401
4,0,2217247226
4,0,2213586628
0,4,2050829441
4,0,2016050359
4,0,2204250730
4,0,1977727103
4,0,2186073054
0,4,1564503761
4,0,1977349840
0,4,2062303571
4,0,2066243415
0,4,2187137083
4,0,1972253388
4,0,1968808631
0,4,1563758374
0,4,2017015076
4,0,1973135488
4,0,1990297488
4,0,2209360951
4,0,1974017254
4,0,2060364418
0,4,1970792485
4,0,1972614327
4,0,2189525124
0,4,2052551115
4,0,1976309034
4,0,2328738402
0,4,1965261019
0,4,2052719106
4,0,2001034271
4,0,2217050969
0,4,2062656961
4,0,2253775235
0,4,1881794454
0,4,2001577743
4,0,2216667714
4,0,1792887601
0,4,1966321554
4,0,1563611376
4,0,2071604502
4,0,2201672382
4,0,1970769559
4,0,2254191261
0,4,2000153119
4,0,1879914989
0,4,2063080732
0,4,2178933785
0,4,2193453250
0,4,1962398562
0,4,1989903419
0,4,1695618512
0,4,1827520134
0,4,1694930756
0,4,2061904935
4,0,2238400338
4,0,1979603877
4,0,1980739127
4,0,2321411312
0,4,1823122006
0,4,1759770550
4,0,1996478583
4,0,2187565713
0,4,2064926375
0,4,1932698420
4,0,1795267023
0,4,2061698312
4,0,2194184173
4,0,2066919710
0,4,1999994358
0,4,1967812818
4,0,2015711618
4,0,1694392375
0,4,1469369598
4,0,2191352110
4,0,2048792412
0,4,1976531735
0,4,2050320354
0,4,2175040513
0,4,2066463494
4,0,2017326992
4,0,2265912558
4,0,1960864881
0,4,2064594138
0,4,1754400430
4,0,1997556674
0,4,2176010464
4,0,1965698138
4,0,2044616887
4,0,2014720087
4,0,2262035764
0,4,2189539236
0,4,2064939807
4,0,2296062168
0,4,2064302992
4,0,1881019472
0,4,2175838811
4,0,2071869206
4,0,2323067540
4,0,1973021054
4,0,1964873466
4,0,2299850927
4,0,2300775282
4,0,2059288110
4,0,2322815267
0,4,1962798803
4,0,2236754066
4,0,2174809480
4,0,2213951965
0,4,1834355575
0,4,2013470451
0,4,2015722464
0,4,2002830925
0,4,1978697224
4,0,1823286353
4,0,2014908428
0,4,2003129899
4,0,2054568279
4,0,1984510853
4,0,1988924823
0,4,1678052959
4,0,2186549606
0,4,1794909438
4,0,2064302406
4,0,1882256356
4,0,2262241835
4,0,2178854424
4,0,2252421130
4,0,2254356728
4,0,2236545869
4,0,1991756511
0,4,1980311345
4,0,2053623878
4,0,2182503610
0,4,1827584721
4,0,1957015475
4,0,1751609715
0,4,1967904382
0,4,1980467378
4,0,2066959156
4,0,2258604582
4,0,2193975180
4,0,2251696988
0,4,1468956216
0,4,2014703614
0,4,1551618899
0,4,1792325654
4,0,2266708551
0,4,2189996225
4,0,2239484459
4,0,2052696614
4,0,1564539484
0,4,2188787319
4,0,2194073328
4,0,2222229440
4,0,2066966549
4,0,2072213230
0,4,1694222692
4,0,1835149415
0,4,1751537806
4,0,1696037549
0,4,2059881665
0,4,1999390533
4,0,2222044363
0,4,2048452215
4,0,1832555112
0,4,1965544428
0,4,2052173376
0,4,2030738793
4,0,1469757896
0,4,2190362980
4,0,1995882826
4,0,1996781965
4,0,1753665095
0,4,1792327149
4,0,1982747550
4,0,2264865286
4,0,1980003972
4,0,1977205120
0,4,1824182353
4,0,1793985887
4,0,2221281378
0,4,1967005106
4,0,2057326345
0,4,2015336491
0,4,1824246100
4,0,1966437497
4,0,2039678872
4,0,2052280715
0,4,1563796454
4,0,2259858285
4,0,2213196583
4,0,1932857872
4,0,2295821933
4,0,2008251320
0,4,1972472818
0,4,1975533891
4,0,2190014574
4,0,2262156029
4,0,2227763004
4,0,2044050625
4,0,2187856818
4,0,2244282603
0,4,1824203706
4,0,2244496741
4,0,2326765472
4,0,2261670244
4,0,2196226532
0,4,1961113314
0,4,1971574830
0,4,2071795540
0,4,2011632671
4,0,1564081779
0,4,1880313657
0,4,1753094805
4,0,1985093681
4,0,1991136022
0,4,1557800924
4,0,2228807283
4,0,1994400912
4,0,1993433480
0,4,1981706336
4,0,1976905800
4,0,2286672546
4,0,1686314005
4,0,2236624898
4,0,2267036185
4,0,1564070541
0,4,2053132095
4,0,2063518053
0,4,2001771572
4,0,1770971104
4,0,2218317947
4,0,2203840337
4,0,2066976822
0,4,1998085972
4,0,2193041183
4,0,1989675053
4,0,2265999433
4,0,1998665646
0,4,1993728824
4,0,2071552781
4,0,1932488838
4,0,2229937695
4,0,2323773945
0,4,1981086899
4,0,1882260940
4,0,1554047458
0,4,1822539928
4,0,2016568955
4,0,1676579153
4,0,2204117481
4,0,2248694994
4,0,2201952854
0,4,2004972457
4,0,1691119156
4,0,1973528321
4,0,1974641058
4,0,2059610095
4,0,1558281863
4,0,1695053664
4,0,1823841605
4,0,1977456179
4,0,2229835356
4,0,2058210437
0,4,1972294343
0,4,1998393397
4,0,2065732211
0,4,1997400814
4,0,1572880014
4,0,1881838716
0,4,1988746884
4,0,2238917594
0,4,1548499336
4,0,2327292073
4,0,2191568868
4,0,1994042398
0,4,1834375554
4,0,1955948430
4,0,2045149945
0,4,1979944593
4,0,2219152819
0,4,2067453180
4,0,2238307397
4,0,1984070205
4,0,2212865112
4,0,2324491801
0,4,2002467623
4,0,1991983166
4,0,2176264229
0,4,1750929842
4,0,1822358341
4,0,2221152519
0,4,1551745647
0,4,1564602778
0,4,1694835175
0,4,1957051839
0,4,2179605004
4,0,2266438643
4,0,2252934869
4,0,1968933919
4,0,2263148521
0,4,2001077413
4,0,1988771138
4,0,1985132677
4,0,1551331383
4,0,1970432147
0,4,1979007194
4,0,2016030368
0,4,1694203788
0,4,2188973473
4,0,2060937765
0,4,1771135327
4,0,2222302314
4,0,2058670489
0,4,1982515350
4,0,1692812547
4,0,1982514319
0,4,2069863475
4,0,2180544262
0,4,1989174434
0,4,1963243460
4,0,2226437137
4,0,1997045116
4,0,1825556778
0,4,1556795454
0,4,1988736262
0,4,2190606740
4,0,1695055152
0,4,2067586792
4,0,2300740145
4,0,1833609162
0,4,2061394151
0,4,1997425873
4,0,2008905086
4,0,2324861063
0,4,2191221914
0,4,2000827514
0,4,1796857377
4,0,1827448805
4,0,2250922818
0,4,1753869051
0,4,2066211597
0,4,2072335696
4,0,1965438042
0,4,1990550287
0,4,2062797552
4,0,2231954425
4,0,2062462844
0,4,1677133500
0,4,1980552206
0,4,2017839381
4,0,2202290542
4,0,2052406333
4,0,1963228517
4,0,2247497263
4,0,1755181321
4,0,1573359893
4,0,2203226114
4,0,1983050211
4,0,2183571567
4,0,1975974650
4,0,2175847582
4,0,1955981915
4,0,1956084055
0,4,1836117517
4,0,1978448660
4,0,1693570707
4,0,2223114936
4,0,1970907096
0,4,2053946844
4,0,2267221052
4,0,2194317645
4,0,1932894075
4,0,2019063353
0,4,2014023325
4,0,1962594155
4,0,1754318478
4,0,2237250464
4,0,1979930698
0,4,2016399431
4,0,1976254214
0,4,2187819408
4,0,2198581070
0,4,1826278428
4,0,1964848828
4,0,1973600281
0,4,2189109608
4,0,2069097190
4,0,1693261226
0,4,1998956190
4,0,2012552114
4,0,2224821088
4,0,1993416833
0,4,1970409553
4,0,2225438104
0,4,1833647435
0,4,2002153594
4,0,1824425910
4,0,2176641686
0,4,1971231329
0,4,1982906648
0,4,1685608923
0,4,1975613283
4,0,1679154843
4,0,1977590788
0,4,1988893034
4,0,2187059013
4,0,2055262668
4,0,1957738949
4,0,1553179544
4,0,2006668829
4,0,2002434115
4,0,2052145882
4,0,2065807728
0,4,2178740924
0,4,2056371849
4,0,2044722446
4,0,2015491890
4,0,2198955816
4,0,2198538850
4,0,2324886142
4,0,2264637819
0,4,2053816641
0,4,1990682302
4,0,2200144904
0,4,2060000387
4,0,2069714220
0,4,2004452778
0,4,1833432782
0,4,1984816341
4,0,2254598772
0,4,2192768638
0,4,1956587269
4,0,1978525707
4,0,1836031467
4,0,2180441515
4,0,2050198683
4,0,2053791115
4,0,1981613499
4,0,2175447381
0,4,2175590177
0,4,1999292398
4,0,2282335881
4,0,2057402708
0,4,2055323546
0,4,2017684590
4,0,2326044507
0,4,2047858018
4,0,2188285100
4,0,1794214082
4,0,1677480407
4,0,1551577479
0,4,1986156092
4,0,2000094353
0,4,2060244405
4,0,2286138542
0,4,2054609470
0,4,1677809658
0,4,2184484092
0,4,1557556783
4,0,1981494013
4,0,2199660687
4,0,2064768311
4,0,2198386336
0,4,1983433495
0,4,1678944638
4,0,1963870457
0,4,1970219369
4,0,2055593800
4,0,2065958032
0,4,1880267048
0,4,1880225980
4,0,2234192025
0,4,2191404569
4,0,1980822577
4,0,2199456316
4,0,1985478051
4,0,1961039465
0,4,2183022073
4,0,2231626859
0,4,1982856159
4,0,2263157114
0,4,1564089326
0,4,1563867822
4,0,2267033363
4,0,1962935019
4,0,2199901832
4,0,1993985091
4,0,2299163723
4,0,2053784982
4,0,2203735455
0,4,1824287960
4,0,2063570108
0,4,1975233353
0,4,2062080445
4,0,1469842102
0,4,2001820779
0,4,2071283443
4,0,2063523113
0,4,1825067071
0,4,2053570379
4,0,2222998822
4,0,1828065420
0,4,2066047292
4,0,2260640301
0,4,2177409655
4,0,1982211971
0,4,2003263095
4,0,1961084039
0,4,2002298070
4,0,1573512862
4,0,2258812271
4,0,1834787460
0,4,1996954921
4,0,1770739995
4,0,1771198039
4,0,1979314886
0,4,1983344934
0,4,2065784778
4,0,2053835647
4,0,1755082319
4,0,2062354960
4,0,1559545912
0,4,2063487927
4,0,2285378158
4,0,2174502244
0,4,2051457630
4,0,2062305336
4,0,2238941188
0,4,1989490494
0,4,1991137055
0,4,1880522469
0,4,1977080525
4,0,2264458944
4,0,2222997024
4,0,2059994159
0,4,1976122985
4,0,2258413356
4,0,2017391462
0,4,2053349903
0,4,2059202007
4,0,2323526760
0,4,2175325792
4,0,2240630995
0,4,2184298618
4,0,2203281875
4,0,1557994455
4,0,2210701270
4,0,1564644828
4,0,2054174641
0,4,1792917517
0,4,1693087186
4,0,2175120654
4,0,1695403228
4,0,1557089018
4,0,1822828419
0,4,1970329580
0,4,1984733349
4,0,1967098968
4,0,2325232813
4,0,1973694782
4,0,2013399941
4,0,2203584431
0,4,1833813489
4,0,2217395123
4,0,1994431534
4,0,1678752734
4,0,1974234356
0,4,1978448943
4,0,2216339928
0,4,2188751676
4,0,2051484319
0,4,1573385524
0,4,1882146601
0,4,1984518086
0,4,2065508449
4,0,2209575792
0,4,1685030594
0,4,2184530537
4,0,2187126967
4,0,2235034671
4,0,1795167438
4,0,2000765354
4,0,1835451010
0,4,2055619526
0,4,1983589353
0,4,2071479116
4,0,2254475369
4,0,1991156772
0,4,1825082416
0,4,2052880870
4,0,2235136977
0,4,1754024315
0,4,2189065358
0,4,1834830511
0,4,1994699758
4,0,2055633748
4,0,1759968274
0,4,1997462948
4,0,2285477616
4,0,2048285610
0,4,1684927674
4,0,1695505597
4,0,2299697792
4,0,1982818445
4,0,2298574717
4,0,2072437483
0,4,1557632526
4,0,2210612389
4,0,2199540542
4,0,2244535396
4,0,1985629149
4,0,2176341965
4,0,1692922563
4,0,1553301492
0,4,2001666523
0,4,2004685835
0,4,1548752185
4,0,2070289236
4,0,2218053895
0,4,2185286666
0,4,1992229457
4,0,2062201491
4,0,2224037151
4,0,2286574186
4,0,1759492926
4,0,1833818886
4,0,1962702878
0,4,1564297902
0,4,1957690280
4,0,2215070867
0,4,2053451192
0,4,1691052283
4,0,2015133678
4,0,2063730059
0,4,1967006062
0,4,2182197760
0,4,1573769994
0,4,2177843764
4,0,1956099550
4,0,2068738817
0,4,2063423472
4,0,2282995435
0,4,1965619672
4,0,2299765516
4,0,2222873077
4,0,2257310259
0,4,2012722962
0,4,2013342247
4,0,2263865121
4,0,2204637855
4,0,1962015688
0,4,1932668100
4,0,2237294763
0,4,2065164492
4,0,2201227970
4,0,2055787284
0,4,2064712916
4,0,2325219425
0,4,1759310905
4,0,2215243571
4,0,2257294202
0,4,1751503363
0,4,1983950254
4,0,2233071034
4,0,2175354464
0,4,1969426783
0,4,1992687023
4,0,2013760796
4,0,2217992725
0,4,1973879330
0,4,1970309195
4,0,1771026709
4,0,2254210153
0,4,1791806854
4,0,2203556404
4,0,1976102785
4,0,1956254612
4,0,2288474056
0,4,2188719270
4,0,2199471542
4,0,2047242764
4,0,2052562385
4,0,1752557097
0,4,1827525908
4,0,2002598590
4,0,2176858987
0,4,1985892780
4,0,1882404021
0,4,2013288726
4,0,1983544400
4,0,1961258509
4,0,2241028778
4,0,2301835859
4,0,2224161787
4,0,2213709266
0,4,1693609326
0,4,1556846730
0,4,2054047875
4,0,2299300371
0,4,2188228092
0,4,1996595845
4,0,1573017331
0,4,1563796075
0,4,1564121955
4,0,2191811907
4,0,2253755911
4,0,2177170940
4,0,2054464944
4,0,1991074956
0,4,1989757455
0,4,1676872434
0,4,1957123386
4,0,1469783570
4,0,1564363153
4,0,2002436272
4,0,2071470642
0,4,1992111362
4,0,2058157289
4,0,2297924984
4,0,2000937602
4,0,2070816038
4,0,2285852802
4,0,2066260331
4,0,1997871546
4,0,2228212831
4,0,2296033934
